S_komentar|371,19,13, S_pocetno|1199,1195,357,327,277,61,27,7,1, S_unarni|299,285,273,55, 
728|$ 726
296|$ 297
173|n 174
949|| 950
1147|p 1148
382|$ 374
1116|$ 1117
125|n 126
665|$ 667
750|$ 374
1138|$ 1139
33|\ 34
292|$ 288
423|$ 425
847|_ 848
1073|| 1074
386|$ 382
1112|$ 1113
43|| 44
47|_ 48
857|| 858
1171|v 1172
1044|$ 1045
661|$ 663
754|$ 374
945|| 946
551|@ 552
538|$ 374
129|m 130
244|$ 245
658|$ 374
23|| 24
92|$ 93
977|| 978
720|$ 718
798|$ 799
1181|| 1182
272|$ 62
75|m 76
1135|m 1136
941|| 942
967|B 968
280|$ 281
756|$ 754
37|| 38
163|a 164
96|$ 97
973|| 974
1139|n 1140
276|$ 274
955|? 956
71|n 72
679|a 680
1027|Q 1028
683|b 684
937|| 938
851|! 852
284|$ 278
818|$ 819
1108|$ 1109
898|$ 899
719|k 720
669|$ 671
1017|| 1018
917|| 918
27|$ 29
714|$ 374
53|- 54
1155|r 1156
496|$ 494
869|| 870
646|$ 374
184|$ 185
587|I 588
310|$ 311
542|$ 374
1053|| 1054
107|$ 108, 105
57|\ 58
202|$ 203
684|$ 682
879|, 880
744|$ 742
512|$ 510
288|$ 286
492|$ 490
3|\ 4
875|+ 876
873|| 874
188|$ 189
329|\ 330
656|$ 654
910|$ 911
314|$ 315
546|$ 374
819|| 820
724|$ 722
237|k 238
826|$ 827
206|$ 209
103|a 104
680|$ 678
111|0 112
67|{ 68
383|\ 384
516|$ 514
1124|$ 1125
890|$ 891
1134|$ 1135
1074|$ 1075
1118|$ 1119
561|$ 563
258|$ 259
63|$ 109, 65
882|$ 883
1030|$ 1031
766|$ 374
555|A 556
318|$ 319
817|$ 818, 815
1120|$ 1121
969|| 970
593|$ 595
139|} 140
10|$ 11
528|$ 526
565|$ 567
1075|^ 1076
710|$ 374
886|$ 887
180|$ 181
519|8 520
177|m 178
1003|K 1004
947|= 948
597|$ 599
562|$ 374
193|n 194
688|$ 686
559|B 560
740|$ 738
290|$ 291
743|q 744
850|$ 851
169|{ 170
813|| 814
325|- 326
1110|$ 1111
336|$ 337
524|$ 522
569|$ 571
22|$ 23
304|$ 305
1057|| 1058
1031|R 1032
212|$ 213
41|n 42
975|D 976
692|$ 690
387|$ 389
1012|$ 1013
1068|$ 1069
1048|$ 1049
332|$ 333
520|$ 518
598|$ 374
165|} 166
718|$ 374
788|$ 789
964|$ 965
762|$ 374
866|$ 867
1061|| 1062
729|$ 731
696|$ 694
1186|$ 1187
579|G 580
721|$ 723
5|n 6
573|$ 575
506|$ 374
208|$ 207, 210
298|$ 294
556|$ 554
575|F 576
775|y 776
376|$ 374
493|$ 495
774|$ 374
161|k 162
536|$ 534
822|$ 823
502|$ 374
778|$ 374
294|$ 286
388|$ 374
321|) 322
855|" 856
1052|$ 1053
1099|d 1100
393|$ 395
1114|$ 1115
26|$ 20
571|E 572
965|| 966
557|$ 559
532|$ 530
268|$ 267, 270
216|$ 217
77|e 78
59|n 60
361|\ 362
51|$ 52, 49
745|$ 747
1009|| 1010
312|$ 313
544|$ 542
483|/ 484
1025|| 1026
479|. 480
200|$ 201
1060|$ 1061
49|) 50
1103|e 1104
510|$ 374
997|| 998
708|$ 706
617|$ 619
892|$ 893
347|\ 348
1016|$ 1017
316|$ 317
548|$ 546
725|$ 727
618|$ 374
204|$ 205
911|4 912
604|$ 602
brojac_stanja 1204
514|$ 374
704|$ 702
853|| 854
896|$ 897
1172|$ 1173
138|$ 139
308|$ 309
1083|` 1084
175|a 176
731|n 732
130|$ 131
716|$ 714
951|> 952
343|n 344
749|$ 751
45|\ 46
357|$ 365, 359
1193|) 1194
301|- 302
16|$ 17
874|$ 875
742|$ 374
365|$ 367
518|$ 374
134|$ 135
712|$ 710
55|$ 57
1005|| 1006
830|$ 831
353|$ 354, 351
747|r 748
540|$ 538
1182|$ 1183
487|0 488
863|% 864
940|$ 941
529|$ 531
746|$ 374
807|| 808
1037|| 1038
171|z 172
877|| 878
1058|$ 1059
770|$ 374
1019|O 1020
371|$ 373
334|$ 335
349|_ 350
1153|| 1154
815|\ 816
811|| 812
395|\ 396
970|$ 971
89|z 90
760|$ 758
727|m 728
1174|$ 1175
694|$ 374
220|$ 221
1033|| 1034
1006|$ 1007
894|$ 895
323|$ 324, 321
553|$ 555
375|$ 377
330|$ 331
907|3 908
929|| 930
218|$ 219
723|l 724
698|$ 374
392|$ 388
905|| 906
327|$ 329
12|$ 8
281|\ 282
381|$ 383
500|$ 498
299|$ 301
256|$ 257
972|$ 973
1177|| 1178
116|$ 117
491|1 492
1194|$ 372
124|$ 125
348|$ 349
379|$ 380
628|$ 626
302|$ 303
687|c 688
170|$ 171
821|\ 822
266|$ 269
214|$ 215
825|| 826
1086|$ 1087
112|$ 113
285|$ 293, 287
1176|$ 1177
295|\ 296
128|$ 129
291|t 292
829|$ 830
338|$ 339
526|$ 374
24|$ 25
497|$ 499
306|$ 307
1192|$ 1193
974|$ 975
210|$ 211
629|$ 631
369|_ 370
983|F 984
690|$ 374
224|$ 225
1041|| 1042
359|$ 361
106|$ 105, 108
631|T 632
508|$ 506
1069|| 1070
65|$ 67
499|3 500
989|| 990
48|$ 51
852|$ 853
913|| 914
248|$ 249
706|$ 374
845|\ 846
136|$ 137
495|2 496
363|t 364
504|$ 502
252|$ 253
739|p 740
44|$ 45
952|$ 953
120|$ 121
367|\ 368
702|$ 374
475|- 476
1055|X 1056
936|$ 937
991|H 992
1123|j 1124
801|| 802
174|$ 175
1066|$ 1067
230|$ 231
341|\ 342
485|$ 487
351|) 352
1169|| 1170
345|| 346
1001|| 1002
414|$ 415
893|| 894
1104|$ 1105
79|n 80
118|$ 119
981|| 982
805|} 806
240|$ 241
785|\ 786
1145|| 1146
481|$ 483
178|$ 179
1082|$ 1083
1180|$ 1181
102|$ 103
897|| 898
998|$ 999
733|$ 735
1105|| 1106
167|$ 168, 165
985|| 986
971|C 972
99|n 100
289|\ 290
883|- 884
69|z 70
960|$ 961
999|J 1000
132|$ 133
931|9 932
160|$ 161
924|$ 925
1188|$ 1189
238|$ 239
783|~ 784
453|$ 455
1000|$ 1001
222|$ 223
447|" 448
1039|T 1040
1203|$ 1204
110|$ 64
827|\ 828
757|$ 759
1024|$ 1025
355|- 356
234|$ 235
489|$ 491
457|$ 459
317|\ 318
7|$ 9
1133|| 1134
1059|Y 1060
650|$ 374
293|$ 295
691|d 692
307|t 308
287|$ 289
1199|$ 1201
735|o 736
168|$ 110
303|$ 304
695|e 696
899|1 900
172|$ 173
809|\ 810
620|$ 618
904|$ 905
930|$ 931
914|$ 915
1100|$ 1101
373|$ 781, 777, 773, 769, 765, 761, 757, 753, 749, 745, 741, 737, 733, 729, 725, 721, 717, 713, 709, 705, 701, 697, 693, 689, 685, 681, 677, 673, 669, 665, 661, 657, 653, 649, 645, 641, 637, 633, 629, 625, 621, 617, 613, 609, 605, 601, 597, 593, 589, 585, 581, 577, 573, 569, 565, 561, 557, 553, 549, 545, 541, 537, 533, 529, 525, 521, 517, 513, 509, 505, 501, 497, 493, 489, 485, 481, 477, 473, 469, 465, 461, 457, 453, 449, 445, 441, 435, 429, 423, 417, 411, 405, 399, 393, 387, 381, 375
164|$ 167
1|$ 3
1119|i 1120
297|_ 298
867|& 868
699|f 700
624|$ 622
738|$ 374
443|! 444
908|$ 909
30|$ 31
226|$ 227
377|\ 378
408|$ 407, 410
979|E 980
114|$ 115
400|$ 374
594|$ 374
250|$ 251
1125|| 1126
1159|s 1160
953|| 954
920|$ 921
833|\ 834
122|$ 123
1106|$ 1107
1168|$ 1169
862|$ 863
461|$ 463
18|$ 14
1067|[ 1068
87|{ 88
800|$ 801
73|a 74
254|$ 255
455|% 456
1085|| 1086
841|n 842
46|$ 47
950|$ 951
126|$ 127
976|$ 977
1013|| 1014
787|$ 788
176|$ 177
804|$ 805
891|/ 892
900|$ 901
6|$ 2
895|0 896
987|G 988
350|$ 353
751|s 752
100|$ 101
1032|$ 1033
843|| 844
472|$ 470
543|> 544
614|$ 374
331|$ 332
1129|| 1130
152|$ 153
1160|$ 1161
814|$ 817
962|$ 963
795|| 796
469|$ 471
422|$ 418
534|$ 374
104|$ 107
1015|N 1016
404|$ 400
797|\ 798
1051|W 1052
1002|$ 1003
476|$ 474
958|$ 959
156|$ 157
1164|$ 1165
995|I 996
1045|| 1046
803|\ 804
465|$ 467
1102|$ 1103
426|$ 427
58|$ 59
313|n 314
902|$ 903
1063|Z 1064
451|# 452
189|{ 190
871|' 872
236|$ 237
1049|| 1050
659|[ 660
697|$ 699
108|$ 66
664|$ 662
322|$ 321, 324
799|{ 800
717|$ 719
616|$ 614
267|} 268
1161|| 1162
1029|| 1030
305|\ 306
255|a 256
635|U 636
1191|~ 1192
232|$ 233
488|$ 486
418|$ 374
354|$ 355
772|$ 770
660|$ 658
326|$ 300
759|u 760
522|$ 374
1107|f 1108
93|a 94
880|$ 881
966|$ 967
630|$ 374
339|| 340
166|$ 165, 168
273|$ 275
810|$ 811
982|$ 983
849|| 850
123|Z 124
820|$ 821
781|$ 783
1198|$ 1196
459|& 460
335|\ 336
622|$ 374
1137|| 1138
397|} 398
441|$ 443
1146|$ 1147
903|2 904
948|$ 949
97|e 98
142|$ 143
789|| 790
162|$ 163
277|$ 279
83|a 84
1079|_ 1080
410|$ 406
626|$ 374
1062|$ 1063
693|$ 695
445|$ 447
668|$ 666
1142|$ 1143
391|{ 392
944|$ 945
1178|$ 1179
612|$ 610
932|$ 933
1097|| 1098
259|e 260
1189|| 1190
436|$ 374
158|$ 159
196|$ 197
344|$ 345
389|\ 390
1156|$ 1157
670|$ 374
241|} 242
802|$ 803
233|e 234
655|Z 656
449|$ 451
406|$ 374
957|| 958
432|$ 433
608|$ 606
133|n 134
319|_ 320
192|$ 193
340|$ 341
583|H 584
1195|$ 1197
181|n 182
806|$ 807
933|| 934
1087|a 1088
402|$ 403
1170|$ 1171
146|$ 147
251|Z 252
185|a 186
366|$ 358
474|$ 374
978|$ 979
916|$ 917
1162|$ 1163
641|$ 643
150|$ 151
823|\ 824
1043|U 1044
592|$ 590
385|) 386
309|| 310
1070|$ 1071
678|$ 374
467|+ 468
1022|$ 1023
249|x 250
356|$ 328
66|$ 64
263|k 264
362|$ 363
127|a 128
315|| 316
993|| 994
645|$ 647
154|$ 155
311|\ 312
1007|L 1008
596|$ 594
1128|$ 1129
424|$ 374
1152|$ 1153
674|$ 374
765|$ 767
1026|$ 1027
352|$ 351, 354
651|Y 652
926|$ 927
1056|$ 1057
399|$ 401
109|$ 111
666|$ 374
324|$ 325
848|$ 849
420|$ 421
570|$ 374
1130|$ 1131
275|- 276
675|` 676
996|$ 997
32|$ 33
881|| 882
257|m 258
632|$ 630
649|$ 651
428|$ 424
1148|$ 1149
764|$ 762
662|$ 374
530|$ 374
574|$ 374
1115|h 1116
705|$ 707
227|n 228
1072|$ 1073
197|m 198
333|$ 334
115|{ 116
36|$ 37
636|$ 634
113|x 114
918|$ 919
91|n 92
816|$ 815, 818
791|\ 792
1077|| 1078
269|$ 270, 267
40|$ 41
956|$ 957
81|k 82
1144|$ 1145
440|$ 436
840|$ 841
986|$ 987
838|$ 839
610|$ 374
578|$ 374
478|$ 374
582|$ 374
95|m 96
549|$ 551
223|x 224
378|$ 379
591|J 592
245|h 246
922|$ 923
1093|| 1094
603|M 604
1140|$ 1141
444|$ 442
320|$ 323
148|$ 149
1166|$ 1167
271|) 272
753|$ 755
85|} 86
1040|$ 1041
828|$ 829
430|$ 374
545|$ 547
600|$ 598
1126|$ 1127
685|$ 687
194|$ 195
342|$ 343
654|$ 374
131|e 132
790|$ 791
564|$ 562
1081|| 1082
448|$ 446
153|a 154
1117|| 1118
231|m 232
144|$ 145
832|$ 833
657|$ 659
1122|$ 1123
681|$ 683
190|$ 191
812|$ 813
135|k 136
552|$ 550
1183|y 1184
416|$ 412
1197|- 1198
686|$ 374
1023|P 1024
968|$ 969
463|' 464
647|X 648
844|$ 845
68|$ 69
140|$ 141
836|$ 837
653|$ 655
586|$ 374
360|$ 358
885|| 886
842|$ 843
1054|$ 1055
261|n 262
438|$ 439
72|$ 73
466|$ 374
590|$ 374
183|k 184
454|$ 374
1165|| 1166
676|$ 674
1011|M 1012
1150|$ 1151
84|$ 85
707|h 708
963|A 964
1089|| 1090
959|@ 960
1010|$ 1011
768|$ 766
187|} 188
121|x 122
434|$ 430
541|$ 543
462|$ 374
689|$ 691
198|$ 199
346|$ 347
265|a 266
652|$ 650
672|$ 670
1202|$ 1203
858|$ 859
1154|$ 1155
794|$ 795
560|$ 558
1028|$ 1029
1014|$ 1015
253|n 254
60|$ 56
117|h 118
771|x 772
572|$ 570
368|$ 369
215|x 216
1136|$ 1137
928|$ 929
761|$ 763
923|7 924
994|$ 995
34|$ 35
633|$ 635
946|$ 947
149|Z 150
1158|$ 1159
523|9 524
615|P 616
854|$ 855
205|a 206
221|e 222
576|$ 574
364|$ 360
927|8 928
611|O 612
581|$ 583
211|| 212
990|$ 991
471|, 472
76|$ 77
1084|$ 1085
637|$ 639
942|$ 943
1204|$ 1200
13|$ 15
784|$ 782
450|$ 374
1109|| 1110
413|\ 414
225|Z 226
80|$ 81
398|$ 394
568|$ 566
1020|$ 1021
1111|g 1112
42|$ 43
954|$ 955
88|$ 89
390|$ 391
837|| 838
442|$ 374
793|) 794
779|z 780
247|e 248
537|$ 539
1038|$ 1039
609|$ 611
943|< 944
1047|V 1048
769|$ 771
876|$ 877
682|$ 374
1091|b 1092
752|$ 750
505|$ 507
239|a 240
643|W 644
1113|| 1114
394|$ 374
446|$ 374
219|h 220
623|R 624
533|$ 535
1078|$ 1079
627|S 628
1065|| 1066
38|$ 39
588|$ 586
872|$ 873
1132|$ 1133
209|$ 210, 207
243|{ 244
824|$ 825
501|$ 503
780|$ 778
527|: 528
1036|$ 1037
235|n 236
458|$ 374
1101|| 1102
509|$ 511
782|$ 374
864|$ 865
260|$ 261
554|$ 374
1149|| 1150
370|$ 366
1179|x 1180
713|$ 715
511|6 512
1021|| 1022
54|$ 28
834|$ 835
480|$ 478
425|\ 426
1151|q 1152
584|$ 582
435|$ 437
748|$ 746
547|? 548
264|$ 265
550|$ 374
1071|] 1072
417|$ 419
179|e 180
663|] 664
1163|t 1164
846|$ 847
984|$ 985
515|7 516
15|\ 16
50|$ 49, 52
151|n 152
639|V 640
580|$ 578
439|_ 440
792|$ 793
808|$ 809
64|$ 169
1046|$ 1047
776|$ 774
431|\ 432
421|$ 422
464|$ 462
1167|u 1168
889|| 890
384|$ 385
677|$ 679
1098|$ 1099
741|$ 743
86|$ 87
155|m 156
145|e 146
861|| 862
915|5 916
137|a 138
988|$ 989
906|$ 907
473|$ 475
619|Q 620
78|$ 79
460|$ 458
732|$ 730
19|$ 21
860|$ 861
673|$ 675
703|g 704
558|$ 374
229|a 230
141|{ 142
796|$ 797
566|$ 374
403|| 404
147|x 148
201|n 202
407|\ 408
1064|$ 1065
1201|\ 1202
29|- 30
477|$ 479
159|n 160
484|$ 482
605|$ 607
606|$ 374
1184|$ 1185
94|$ 95
246|$ 247
736|$ 734
470|$ 374
1173|| 1174
191|z 192
74|$ 75
429|$ 431
217|{ 218
452|$ 450
1090|$ 1091
25|# 26
539|= 540
396|$ 397
634|$ 374
525|$ 527
242|$ 243
11|) 12
642|$ 374
415|\ 416
70|$ 71
468|$ 466
1035|S 1036
380|$ 376
868|$ 869
456|$ 454
737|$ 739
1094|$ 1095
374|$ 785
909|| 910
82|$ 83
919|6 920
934|$ 935
521|$ 523
1121|| 1122
409|$ 410, 407
1141|| 1142
490|$ 374
21|\ 22
507|5 508
613|$ 615
961|| 962
419|\ 420
667|^ 668
726|$ 374
921|| 922
870|$ 871
1157|| 1158
1034|$ 1035
763|v 764
531|; 532
35|t 36
9|\ 10
621|$ 623
282|$ 283
935|: 936
938|$ 939
887|. 888
503|4 504
90|$ 91
755|t 756
589|$ 591
722|$ 374
925|| 926
31|$ 32
992|$ 993
270|$ 271
563|C 564
767|w 768
1185|| 1186
625|$ 627
980|$ 981
411|$ 413
856|$ 857
865|| 866
213|0 214
517|$ 519
1095|c 1096
1008|$ 1009
119|e 120
4|$ 5
567|D 568
498|$ 374
1143|o 1144
888|$ 889
182|$ 183
901|| 902
427|t 428
52|$ 53
1187|z 1188
482|$ 374
585|$ 587
648|$ 646
671|_ 672
337|t 338
715|j 716
437|\ 438
777|$ 779
601|$ 603
730|$ 374
1018|$ 1019
228|$ 229
701|$ 703
494|$ 374
602|$ 374
186|$ 187
831|| 832
1092|$ 1093
98|$ 99
412|$ 374
101|k 102
939|; 940
535|< 536
1088|$ 1089
607|N 608
1131|l 1132
773|$ 775
157|e 158
734|$ 374
786|$ 787
711|i 712
262|$ 263
105|} 106
835|t 836
638|$ 374
1050|$ 1051
1004|$ 1005
1076|$ 1077
39|\ 40
758|$ 374
279|# 280
577|$ 579
203|k 204
839|\ 840
912|$ 913
1190|$ 1191
199|e 200
859|# 860
599|L 600
640|$ 638
207|} 208
1042|$ 1043
1175|w 1176
513|$ 515
1096|$ 1097
143|h 144
283|| 284
709|$ 711
405|$ 409
700|$ 698
61|$ 63
401|\ 402
884|$ 885
195|a 196
595|K 596
878|$ 879
486|$ 374
433|n 434
1127|k 1128
644|$ 642
1080|$ 1081
17|n 18

###
372 -
20 - UDJI_U_STANJE S_pocetno
14 - NOVI_REDAK
1200 LIJEVA_ZAGRADA
1196 OP_MINUS
358 -
328 LIJEVA_ZAGRADA UDJI_U_STANJE S_unarni VRATI_SE 1
278 - UDJI_U_STANJE S_komentar
62 OPERAND
28 OP_MINUS UDJI_U_STANJE S_unarni VRATI_SE 1
8 DESNA_ZAGRADA
2 - NOVI_REDAK
300 UMINUS VRATI_SE 1
286 -
274 UMINUS UDJI_U_STANJE S_pocetno
56 - NOVI_REDAK
